coord_um_t_5ps	rho_g_cc_t_5ps	Te_eV_t_5ps	Ti_eV_t_5ps
-0.00073744	2.0682	0.085336	0.091817
-0.00018249	2.0399	0.085452	0.091479
0.00037445	2.0185	0.086273	0.092117
0.00093117	1.9996	0.087218	0.092769
0.0014893	1.9847	0.08823400000000001	0.09359099999999999
0.0020461	1.9695	0.089327	0.09447800000000001
0.0026017	1.9574	0.090463	0.095403
0.0031549	1.9456	0.091733	0.09643
0.0037059	1.9313	0.092928	0.09741900000000001
0.0042556	1.9195	0.094164	0.099162
0.0048032	3.3977	0.07890999999999999	0.080764
0.005606799999999999	4.5	0.093559	0.097414
0.0062129	4.5	0.09547799999999999	0.099146
0.0068185	4.5	0.097467	0.10079
0.0074235	4.5	0.09959899999999999	0.1031
0.0080278	4.5	0.10176	0.10484
0.0086316	4.5	0.10383	0.10674
0.0092347	4.5	0.10599	0.10873
0.0098373	4.5	0.10813	0.11072
0.010439	4.5	0.11024	0.11271
0.011041	4.5	0.11245	0.11483
0.011641	4.5	0.11466	0.11696
0.012241	4.5	0.11685	0.1191
0.012841	4.5	0.11921	0.12139
0.01344	4.5	0.12151	0.12365
0.014038	4.5	0.12377	0.12591
0.014636	4.5	0.12622	0.12838
0.015233	4.5	0.12867	0.1309
0.01583	4.5	0.13106	0.13345
0.016426	4.5	0.13367	0.136
0.017021	4.5	0.13675	0.13884
0.017616	4.5	0.13972	0.14166
0.01821	4.5	0.14273	0.14451
0.018803	4.5	0.1456	0.14733
0.019396	4.5	0.1488	0.15044
0.019989	4.5	0.15242	0.15394
0.020581	4.5	0.15574	0.15762
0.021172	4.5	0.15947	0.16123
0.021762	4.5	0.16301	0.16458
0.022352	4.5	0.16653	0.16786
0.022942	4.5	0.17021	0.17122
0.023531	4.5	0.17405	0.17472
0.024119	4.5	0.17805	0.17773
0.024707	4.5	0.18211	0.18136
0.025294	4.5	0.18631	0.18508
0.02588	4.5	0.19057	0.18887
0.026466	4.5	0.19494	0.19272
0.027051	4.5	0.1991	0.19642
0.027636	4.5	0.20312	0.19999
0.02822	4.5	0.20734	0.20375
0.028804	4.5	0.21176	0.20757
0.029387	4.5	0.2163	0.21144
0.029969	4.5	0.22043	0.21538
0.030551	4.5	0.22452	0.2193
0.031132	4.5	0.22774	0.22343
0.031713	4.5	0.23111	0.22793
0.032293	4.5	0.23583	0.23283
0.032872	4.5	0.24093	0.23778
0.033451	4.5	0.24633	0.24301
0.03403	4.5	0.25141	0.24798
0.034607	4.5	0.25643	0.25286
0.035184	4.5	0.26189	0.25796
0.035761	4.5	0.26756	0.26339
0.036337	4.5	0.27343	0.26906
0.036913	4.5	0.28	0.27511
0.037487	4.5	0.28696	0.28109
0.038062	4.5	0.29419	0.28709
0.038635	4.5	0.30154	0.29296
0.039209	4.5949	0.31257	0.32489
0.039769	4.6978	0.32442	0.35399
0.040317	4.6974	0.33125	0.35928
0.040865	4.6963	0.33764	0.36399
0.041412	4.6959	0.34366	0.36897
0.041958	4.6959	0.35	0.37436
0.042504	4.6962	0.35723	0.38151
0.043049	4.6959	0.36855	0.38768
0.043594	4.6958	0.37783	0.39406
0.044139	4.6953	0.38564	0.40098
0.044682	4.7887	0.39932	0.43837
0.045215	4.9091	0.41697	0.47735
0.045734	4.9085	0.42699	0.48283
0.046253	4.9068	0.43468	0.48833
0.04677099999999999	4.9032	0.44113	0.49351
0.047289	4.8969	0.45019	0.49834
0.047808	4.8907	0.46341	0.50403
0.048326	4.8856	0.47299	0.50983
0.04884500000000001	4.8823	0.48031	0.51566
0.049363	4.906	0.48966	0.53012
0.049878	5.1289	0.51741	0.60729
0.050371	5.1246	0.52951	0.61166
0.050863	5.1203	0.5398500000000001	0.61824
0.051355	5.1212	0.54999	0.62584
0.051847	5.1194	0.56271	0.63476
0.052338	5.0949	0.57706	0.63946
0.052832	5.0867	0.58835	0.64614
0.053325	5.0766	0.59848	0.65201
0.053819	5.0609	0.61029	0.65815
0.054314	5.2197	0.63551	0.72318
0.054794	5.3072	0.65701	0.75514
0.055265	5.3263	0.66879	0.76261
0.055734	5.3124	0.68099	0.76842
0.056203	5.2906	0.69463	0.77086
0.056675	5.4317	0.7194	0.80504
0.057133	5.2957	0.72507	0.7944
0.05760299999999999	5.45	0.7333499999999999	0.8027300000000001
0.058059	4.6442	0.69984	0.69622
0.058593	5.4351	0.7628200000000001	0.82798
0.05905000000000001	5.3892	0.77813	0.85522
0.05951	5.7492	0.83543	0.90505
0.05994	5.2884	0.80655	0.83519
0.060408	5.2819	0.81668	0.84654
0.060876	5.2752	0.82825	0.85733
0.061343	5.2676	0.83931	0.86531
0.061811	5.2589	0.85529	0.87669
0.06228	5.2493	0.87409	0.89002
0.062749	5.2397	0.89171	0.9032
0.063218	5.2294	0.91022	0.91472
0.06368699999999999	5.2193	0.9281199999999999	0.92735
0.06415700000000001	5.2065	0.9447	0.93842
0.064628	5.1922	0.96119	0.94948
0.06510000000000001	5.1822	0.9791	0.96245
0.06557199999999999	5.1745	0.99893	0.97744
0.06604399999999999	5.1676	1.0186	0.99239
0.06651600000000001	5.1609	1.0391	1.0081
0.06698900000000001	5.1542	1.0589	1.0262
0.06746099999999999	5.0589	1.0613	1.0349
0.067942	4.8264	1.0486	1.0312
0.06844599999999999	4.7919	1.0656	1.0484
0.068953	4.7455	1.0775	1.0568
0.069464	4.7466	1.1005	1.0815
0.06997500000000001	4.705	1.1137	1.0905
0.07049	4.6834	1.1334	1.1063
0.071006	4.6437	1.1485	1.1155
0.07152700000000001	4.6093	1.1651	1.1332
0.07205	4.622	1.1894	1.1476
0.072572	4.5782	1.2034	1.1592
0.073099	4.5353	1.2181	1.171
0.073629	4.5178	1.2363	1.1883
0.07416200000000001	4.4775	1.2526	1.2009
0.074698	4.4462	1.2713	1.219
0.075238	4.403	1.2868	1.2342
0.075782	4.3572	1.3014	1.2411
0.076332	4.317	1.3161	1.2461
0.076886	4.1825	1.3046	1.2322
0.077458	3.6946	1.2298	1.151
0.07810400000000001	3.6699	1.251	1.1658
0.07875399999999999	3.6703	1.2752	1.1862
0.07940299999999999	3.6849	1.3043	1.2105
0.08004900000000001	3.7038	1.3264	1.2345
0.080692	3.685	1.3464	1.2515
0.08133599999999999	3.6861	1.3724	1.2752
0.08198	3.7344	1.3946	1.3113
0.08261500000000001	3.1085	1.2686	1.188
0.08337699999999999	2.9941	1.2668	1.1759
0.08416800000000001	2.9669	1.2824	1.186
0.08496400000000001	2.9346	1.2987	1.1991
0.08576900000000001	2.917	1.3166	1.2137
0.086578	2.8724	1.3247	1.223
0.087399	2.834	1.3377	1.2355
0.088229	2.8183	1.3595	1.2525
0.089064	2.758	1.3691	1.2621
0.08991600000000001	2.7501	1.3935	1.2817
0.09077	2.7178	1.4057	1.298
0.09163299999999999	2.4873	1.3464	1.2458
0.092575	2.3476	1.3392	1.2345
0.093572	2.3678	1.3701	1.2571
0.094559	2.3295	1.3819	1.274
0.09556199999999999	2.3102	1.3938	1.2813
0.09657199999999999	2.0189	1.2976	1.1816
0.09772700000000001	1.9627	1.3112	1.1807
0.098913	1.9948	1.3432	1.2135
0.10008	1.8693	1.317	1.1848
0.10132	1.8064	1.3179	1.1838
0.10261	1.7883	1.3313	1.1958
0.10391	1.8076	1.3582	1.2236
0.10519	1.5002	1.2373	1.103
0.10673	1.5186	1.2726	1.14
0.10825	1.4228	1.2475	1.1169
0.10988	1.3736	1.2479	1.1275
0.11156	1.3742	1.2702	1.1487
0.11323	1.2518	1.2134	1.1004
0.11507	1.1119	1.1577	1.0354
0.11715	1.0914	1.1767	1.0444
0.11925	1.0421	1.1637	1.0379
0.12146	0.88688	1.0856	0.95875
0.12405	0.79599	1.0422	0.91843
0.12693	0.67821	1.0012	0.86851
0.1303	0.70392	1.069	0.94343
0.13355	0.48568	0.9396099999999999	0.80041
0.13826	0.50443	1.0794	0.94251
0.14278	0.37937	0.97697	0.77641
0.14581	0.32709	0.9868	0.76152
0.1493	0.29029	0.9616	0.75023
0.15318	0.25687	0.97257	0.74176
0.15753	0.23878	0.97558	0.75112
0.16216	0.14433	0.77948	0.57073
0.16973	0.15494	0.85866	0.64884
0.17673	0.08852699999999999	0.68854	0.49942
0.18883	0.056739	0.64547	0.46282
0.20754	0.017498	0.57102	0.3967
