coord_um_t_5ps	rho_g_cc_t_5ps	Te_eV_t_5ps	Ti_eV_t_5ps
0	2.2	0.040774	0.047518
0.00052291	2.2	0.041283	0.048067
0.0010406	2.2	0.041801	0.04861
0.0015531	2.2	0.04229	0.049048
0.0020605	2.2	0.042809	0.049612
0.0025628	2.2	0.043348	0.050228
0.0030601	2.2	0.043895	0.050859
0.0035524	2.2	0.044412	0.051341
0.0040398	2.2	0.044966	0.05193
0.0045223	2.2	0.045488	0.052487
0.005	4.5	0.045458	0.049142
0.005606799999999999	4.5	0.046081	0.049778
0.0062129	4.5	0.046727	0.050443
0.0068185	4.5	0.047373	0.051016
0.0074235	4.5	0.048049	0.051723
0.0080278	4.5	0.048738	0.05245
0.0086316	4.5	0.049441	0.053198
0.0092347	4.5	0.050158	0.05395
0.0098373	4.5	0.050894	0.054711
0.010439	4.5	0.051675	0.055536
0.011041	4.5	0.052484	0.056367
0.011641	4.5	0.053368	0.057218
0.012241	4.5	0.054262	0.058085
0.012841	4.5	0.0552	0.058998
0.01344	4.5	0.056126	0.059904
0.014038	4.5	0.05704	0.06081
0.014636	4.5	0.057896	0.061668
0.015233	4.5	0.058828	0.062601
0.01583	4.5	0.059758	0.063553
0.016426	4.5	0.060689	0.064511
0.017021	4.5	0.061623	0.065485
0.017616	4.5	0.06256	0.06647400000000001
0.01821	4.5	0.063648	0.067569
0.018803	4.5	0.064709	0.068664
0.019396	4.5	0.06580900000000001	0.069758
0.019989	4.5	0.066996	0.070884
0.020581	4.5	0.068164	0.072017
0.021172	4.5	0.069372	0.07319100000000001
0.021762	4.5	0.07069400000000001	0.07443
0.022352	4.5	0.071996	0.075668
0.022942	4.5	0.073292	0.076929
0.023531	4.5	0.074616	0.078225
0.024119	4.5	0.075963	0.079553
0.024707	4.5	0.07735599999999999	0.08091
0.025294	4.5	0.07878	0.082298
0.02588	4.5	0.08023	0.083727
0.026466	4.5	0.081703	0.085189
0.027051	4.5	0.083189	0.08667900000000001
0.027636	4.5	0.084665	0.088464
0.02822	4.5	0.086117	0.08996700000000001
0.028804	4.5	0.087552	0.091448
0.029387	4.5	0.08902400000000001	0.093004
0.029969	4.5	0.090654	0.094648
0.030551	4.5	0.092434	0.096358
0.031132	4.5	0.09424200000000001	0.098077
0.031713	4.5	0.096109	0.099838
0.032293	4.5	0.098036	0.10166
0.032872	4.5	0.10008	0.1033
0.033451	4.5	0.10216	0.1052
0.03403	4.5	0.10413	0.10701
0.034607	4.5	0.10622	0.10894
0.035184	4.5	0.10827	0.11085
0.035761	4.5	0.11028	0.11276
0.036337	4.5	0.1124	0.11479
0.036913	4.5	0.11452	0.11683
0.037487	4.5	0.11663	0.11888
0.038062	4.5	0.11888	0.12107
0.038635	4.5	0.12108	0.12322
0.039209	4.5	0.12325	0.1254
0.039781	4.5	0.12552	0.12768
0.040353	4.5	0.1279	0.1301
0.040925	4.5	0.13023	0.13255
0.041495	4.5	0.13257	0.13495
0.042066	4.5	0.13539	0.13758
0.042635	4.5	0.13827	0.14028
0.04320500000000001	4.5	0.14113	0.143
0.04377299999999999	4.5	0.14411	0.14584
0.044341	4.5	0.14708	0.14883
0.044909	4.5	0.15077	0.15217
0.045475	4.5	0.15376	0.15538
0.046042	4.5	0.1566	0.15852
0.046607	4.5	0.15987	0.16159
0.047173	4.5	0.16314	0.16469
0.04773699999999999	4.5	0.16661	0.16791
0.048301	4.5	0.17018	0.17117
0.048865	4.5	0.17381	0.17447
0.04942800000000001	4.5	0.17757	0.17727
0.04999	4.5	0.18147	0.18074
0.05055200000000001	4.5	0.18543	0.18425
0.051113	4.5	0.18953	0.18787
0.051674	4.5	0.19351	0.19141
0.052234	4.5	0.19734	0.19483
0.05279299999999999	4.5	0.20114	0.19822
0.053352	4.5	0.20527	0.20186
0.053911	4.5	0.20945	0.20546
0.054469	4.5	0.21353	0.20917
0.055026	4.5	0.21769	0.21296
0.055583	4.5	0.22057	0.2169
0.05613899999999999	4.5	0.2241	0.2213
0.056694	4.5	0.22849	0.22577
0.05725	4.5	0.23336	0.23041
0.05780399999999999	4.5	0.23827	0.23515
0.058358	4.5	0.24305	0.23975
0.058912	4.5	0.24793	0.24448
0.059464	4.5	0.25276	0.24917
0.06001699999999999	4.5	0.25785	0.25401
0.060568	4.5	0.26345	0.25926
0.06112	4.5	0.26919	0.26462
0.06167	4.5	0.27485	0.27001
0.06222	4.5	0.28127	0.27574
0.06277000000000001	4.5	0.28868	0.28157
0.063319	4.5	0.29575	0.28714
0.06386700000000001	4.5	0.30163	0.29285
0.064415	4.5	0.30734	0.29847
0.06496299999999999	4.5	0.3132	0.3042
0.06551	4.5	0.31896	0.3099
0.066056	4.5	0.32494	0.31579
0.06660200000000001	4.5	0.33097	0.322
0.067147	4.5	0.33715	0.32873
0.067691	4.5	0.34512	0.33592
0.068235	4.5	0.35354	0.34299
0.06877899999999999	4.5	0.36191	0.34948
0.06932200000000001	4.5	0.36858	0.35541
0.069864	4.5	0.37622	0.36268
0.070406	4.5	0.38403	0.37015
0.070948	4.5	0.39158	0.37729
0.071489	4.5	0.39942	0.38449
0.072029	4.5	0.4066	0.39166
0.07256899999999999	4.5	0.41545	0.39975
0.07310800000000001	4.5	0.42478	0.40817
0.073646	4.5	0.43336	0.41561
0.074185	4.5	0.44261	0.42353
0.074722	4.5	0.45204	0.43171
0.07525900000000001	4.5	0.46071	0.43958
0.075796	4.5	0.46805	0.44799
0.076332	4.5	0.47748	0.45694
0.076867	4.5	0.48878	0.46609
0.077402	4.5	0.49924	0.47479
0.07793599999999999	4.5	0.50791	0.48374
0.07847	4.5	0.51629	0.49261
0.07900399999999999	4.5	0.52737	0.50273
0.079536	4.5	0.53892	0.51279
0.080069	4.5	0.55044	0.52264
0.0806	4.5	0.5597	0.5324
0.08113100000000001	4.5	0.57308	0.54304
0.081662	4.5	0.5839299999999999	0.553
0.08219199999999999	4.6916	0.6121	0.59307
0.08270000000000001	4.7191	0.62558	0.60582
0.08320499999999999	4.6938	0.6367	0.6140099999999999
0.08371100000000001	4.6713	0.64622	0.62432
0.08422	4.6481	0.65541	0.63487
0.084731	4.6245	0.6650700000000001	0.64439
0.08524300000000001	4.6014	0.67541	0.6533099999999999
0.085758	4.5801	0.68428	0.6626
0.086275	4.5572	0.6932700000000001	0.6716800000000001
0.086794	4.5355	0.7027099999999999	0.68062
0.087314	4.1319	0.6684600000000001	0.6496499999999999
0.087885	3.2948	0.58413	0.56718
0.088601	3.2181	0.58593	0.56558
0.089333	3.2218	0.59646	0.57379
0.090063	3.2225	0.60854	0.5823
0.090792	3.2221	0.6208399999999999	0.59201
0.09152100000000001	3.3437	0.6492599999999999	0.6255500000000001
0.092222	3.3838	0.66608	0.6414
0.09291400000000001	3.3277	0.67331	0.64437
0.09361800000000001	3.3041	0.6815600000000001	0.65118
0.09432499999999999	3.2894	0.69653	0.66121
0.09503499999999999	3.27	0.70235	0.66826
0.095749	3.2226	0.71214	0.6739000000000001
0.096473	3.1773	0.7190299999999999	0.68142
0.097206	3.1214	0.72514	0.68789
0.09795100000000001	3.1153	0.73892	0.70009
0.09869699999999999	2.4907	0.6508	0.61086
0.09962900000000001	2.4347	0.65677	0.61339
0.10058	2.2961	0.64322	0.59971
0.10159	2.2654	0.65024	0.60598
0.10261	2.2404	0.65934	0.61615
0.10365	2.1791	0.66005	0.61779
0.10471	2.1225	0.66005	0.61787
0.10579	2.0724	0.66279	0.61898
0.10691	2.061	0.672	0.62597
0.10802	2.0697	0.6867	0.63746
0.10913	1.7214	0.61925	0.57299
0.11047	1.5082	0.58633	0.53567
0.11199	1.2822	0.54256	0.49109
0.11378	1.2715	0.55296	0.50462
0.11559	1.2443	0.56099	0.5081599999999999
0.11743	1.1057	0.53481	0.48652
0.11949	0.70547	0.43885	0.39147
0.12273	0.47529	0.44523	0.38144
0.12753	0.93547	0.68537	0.60765
0.12876	0.74436	0.70517	0.59882
0.13029	0.62262	0.67026	0.56441
0.13211	0.49889	0.62604	0.51505
0.13434	0.49222	0.64222	0.5292
0.13659	0.39029	0.58001	0.46632
0.13939	0.48449	0.6354	0.53306
0.14163	0.25005	0.46428	0.37081
0.14591	0.13129	0.32347	0.25292
0.15399	0.038183	0.22686	0.1719
