coord_um_t_5ps	rho_g_cc_t_5ps	Te_eV_t_5ps	Ti_eV_t_5ps
0	2.2	0.031662	0.036844
0.00052291	2.2	0.03189	0.037108
0.0010406	2.2	0.032127	0.037413
0.0015531	2.2	0.032366	0.037719
0.0020605	2.2	0.032618	0.038019
0.0025628	2.2	0.032864	0.038315
0.0030601	2.2	0.033107	0.038616
0.0035524	2.2	0.033364	0.038927
0.0040398	2.2	0.033628	0.039246
0.0045223	2.2	0.033891	0.039567
0.005	4.5	0.035065	0.038075
0.005606799999999999	4.5	0.03537	0.038424
0.0062129	4.5	0.035686	0.038793
0.0068185	4.5	0.036035	0.039167
0.0074235	4.5	0.036397	0.039553
0.0080278	4.5	0.03677	0.039956
0.0086316	4.5	0.037158	0.040369
0.0092347	4.5	0.037548	0.040791
0.0098373	4.5	0.037938	0.041219
0.010439	4.5	0.038338	0.041668
0.011041	4.5	0.038745	0.042117
0.011641	4.5	0.039188	0.042621
0.012241	4.5	0.039629	0.043126
0.012841	4.5	0.040091	0.043584
0.01344	4.5	0.040563	0.044084
0.014038	4.5	0.04104	0.044613
0.014636	4.5	0.041519	0.045157
0.015233	4.5	0.042011	0.045685
0.01583	4.5	0.04256	0.046228
0.016426	4.5	0.04312	0.046779
0.017021	4.5	0.043691	0.047356
0.017616	4.5	0.044263	0.047933
0.01821	4.5	0.044848	0.048495
0.018803	4.5	0.045463	0.049145
0.019396	4.5	0.046086	0.049781
0.019989	4.5	0.046718	0.050429
0.020581	4.5	0.047349	0.050991
0.021172	4.5	0.048009	0.05168
0.021762	4.5	0.048682	0.052391
0.022352	4.5	0.049367	0.053118
0.022942	4.5	0.050067	0.053856
0.023531	4.5	0.050776	0.05459
0.024119	4.5	0.051542	0.055395
0.024707	4.5	0.052313	0.056203
0.025294	4.5	0.053178	0.057034
0.02588	4.5	0.054035	0.057865
0.026466	4.5	0.054957	0.05876
0.027051	4.5	0.055857	0.059641
0.027636	4.5	0.056772	0.060544
0.02822	4.5	0.057608	0.061378
0.028804	4.5	0.058489	0.062261
0.029387	4.5	0.059407	0.063193
0.029969	4.5	0.060314	0.064124
0.030551	4.5	0.061231	0.06507300000000001
0.031132	4.5	0.062134	0.066024
0.031713	4.5	0.063137	0.067053
0.032293	4.5	0.064193	0.06812699999999999
0.032872	4.5	0.065208	0.069184
0.033451	4.5	0.066345	0.070267
0.03403	4.5	0.067507	0.071377
0.034607	4.5	0.068643	0.072489
0.035184	4.5	0.06988900000000001	0.073675
0.035761	4.5	0.071177	0.074881
0.036337	4.5	0.072435	0.076095
0.036913	4.5	0.07371	0.077336
0.037487	4.5	0.07501099999999999	0.078614
0.038062	4.5	0.076332	0.079917
0.038635	4.5	0.07771	0.081252
0.039209	4.5	0.07910300000000001	0.08261499999999999
0.039781	4.5	0.080524	0.08401699999999999
0.040353	4.5	0.08196299999999999	0.085448
0.040925	4.5	0.08341899999999999	0.086911
0.041495	4.5	0.084852	0.08866
0.042066	4.5	0.08627	0.090112
0.042635	4.5	0.087673	0.09157800000000001
0.04320500000000001	4.5	0.089111	0.093101
0.04377299999999999	4.5	0.09071700000000001	0.09471499999999999
0.044341	4.5	0.09245399999999999	0.09636400000000001
0.044909	4.5	0.094218	0.09804599999999999
0.045475	4.5	0.096042	0.09977
0.046042	4.5	0.097924	0.10156
0.046607	4.5	0.099922	0.1033
0.047173	4.5	0.10194	0.105
0.04773699999999999	4.5	0.10388	0.10678
0.048301	4.5	0.1059	0.10864
0.048865	4.5	0.1079	0.11051
0.04942800000000001	4.5	0.10988	0.11238
0.04999	4.5	0.11192	0.11432
0.05055200000000001	4.5	0.11399	0.11631
0.051113	4.5	0.11606	0.11832
0.051674	4.5	0.11819	0.1204
0.052234	4.5	0.12036	0.12252
0.05279299999999999	4.5	0.12251	0.12465
0.053352	4.5	0.12463	0.12679
0.053911	4.5	0.12697	0.12915
0.054469	4.5	0.12926	0.13151
0.055026	4.5	0.13147	0.13389
0.055583	4.5	0.13401	0.13631
0.05613899999999999	4.5	0.13688	0.13897
0.056694	4.5	0.13966	0.1416
0.05725	4.5	0.14266	0.14443
0.05780399999999999	4.5	0.14564	0.14736
0.058358	4.5	0.14875	0.1504
0.058912	4.5	0.15193	0.1534
0.059464	4.5	0.15467	0.15637
0.06001699999999999	4.5	0.15747	0.15933
0.060568	4.5	0.16064	0.16231
0.06112	4.5	0.16392	0.16542
0.06167	4.5	0.16736	0.16857
0.06222	4.5	0.17083	0.17172
0.06277000000000001	4.5	0.17442	0.17496
0.063319	4.5	0.17801	0.17766
0.06386700000000001	4.5	0.18178	0.18101
0.064415	4.5	0.18567	0.18444
0.06496299999999999	4.5	0.18952	0.18787
0.06551	4.5	0.19335	0.19129
0.066056	4.5	0.19711	0.19464
0.06660200000000001	4.5	0.20097	0.19807
0.067147	4.5	0.20503	0.20164
0.067691	4.5	0.20921	0.20523
0.068235	4.5	0.21311	0.20891
0.06877899999999999	4.5	0.2163	0.21273
0.06932200000000001	4.5	0.21951	0.21684
0.069864	4.5	0.22382	0.22125
0.070406	4.5	0.22839	0.22564
0.070948	4.5	0.23311	0.23013
0.071489	4.5	0.23772	0.23455
0.072029	4.5	0.24216	0.23882
0.07256899999999999	4.5	0.24708	0.24356
0.07310800000000001	4.5	0.25182	0.24813
0.073646	4.5	0.25697	0.25306
0.074185	4.5	0.26255	0.2582
0.074722	4.5	0.26815	0.26335
0.07525900000000001	4.5	0.27381	0.2686
0.075796	4.5	0.28003	0.27406
0.076332	4.5	0.28711	0.2797
0.076867	4.5	0.29366	0.28514
0.077402	4.5	0.29897	0.29034
0.07793599999999999	4.5	0.30435	0.29565
0.07847	4.5	0.30993	0.30119
0.07900399999999999	4.5	0.31553	0.30677
0.079536	4.5	0.3215	0.31269
0.080069	4.5	0.32727	0.31886
0.0806	4.5	0.33383	0.32544
0.08113100000000001	4.5	0.34176	0.33203
0.081662	4.5	0.34933	0.33842
0.08219199999999999	4.5	0.357	0.34476
0.082722	4.5	0.36347	0.35075
0.08325099999999999	4.5	0.37043	0.35719
0.08377899999999999	4.5	0.37789	0.36438
0.08430700000000001	4.5	0.38513	0.37124
0.08483499999999999	4.5	0.39277	0.3784
0.08536199999999999	4.5	0.39998	0.38555
0.08588799999999999	4.5	0.40835	0.39347
0.086414	4.5	0.41729	0.40123
0.08694	4.5	0.42539	0.40834
0.087464	4.5	0.43397	0.41589
0.087989	4.5	0.44294	0.4238
0.08851199999999999	4.5	0.45201	0.43162
0.089036	4.5	0.45928	0.43985
0.089558	4.0265	0.43361	0.41635
0.09014199999999999	3.4001	0.39564	0.37889
0.090833	3.3924	0.40234	0.40056
0.09152400000000001	3.2831	0.401	0.39347
0.092238	3.3219	0.41188	0.40934
0.092942	3.2988	0.41889	0.40907
0.093651	3.2797	0.42616	0.4141
0.094363	3.234	0.43095	0.41926
0.095085	3.209	0.43762	0.42025
0.09581100000000001	3.1691	0.44218	0.42544
0.09654600000000001	3.159	0.44801	0.42923
0.09728299999999999	3.1709	0.45547	0.43736
0.09801599999999999	3.1235	0.46	0.43979
0.098759	3.0884	0.4677	0.44497
0.09951	3.0459	0.47328	0.44909
0.10027	3.0049	0.47534	0.4513
0.10104	2.9828	0.47994	0.45589
0.10182	2.9229	0.48376	0.45749
0.10261	2.2074	0.40862	0.38594
0.10365	2.2043	0.41676	0.39227
0.1047	2.2934	0.43709	0.40969
0.1057	2.0601	0.41262	0.38804
0.10682	1.9956	0.41581	0.40255
0.10797	1.932	0.41306	0.38953
0.10916	1.8172	0.40566	0.38098
0.11042	1.7603	0.40862	0.38078
0.11173	1.6947	0.40508	0.37652
0.11308	1.4847	0.3783	0.35245
0.11462	1.0438	0.32617	0.29656
0.11681	0.51542	0.27104	0.23437
0.12123	1.415	0.59983	0.54093
0.12205	1.1811	0.62466	0.56052
0.12301	0.94917	0.5799	0.49144
0.1242	0.91677	0.57651	0.49187
0.12542	0.81553	0.54839	0.4642
0.12677	0.79727	0.55393	0.46934
0.12814	0.7788	0.56448	0.47003
0.12953	0.86975	0.60728	0.5127699999999999
0.13077	0.9357	0.63279	0.5482
0.1319	0.60438	0.61331	0.50613
