coord_um_t_5ps	rho_g_cc_t_5ps	Te_eV_t_5ps	Ti_eV_t_5ps
-0.00036519	2.1141	0.05716	0.0646
0.00017823	2.0976	0.057736	0.06497600000000001
0.00072053	2.0848	0.058387	0.065556
0.0012609	2.0725	0.058894	0.06597799999999999
0.0017995	2.061	0.059482	0.066454
0.0023356	2.0476	0.060005	0.066833
0.0028699	2.0357	0.060667	0.067388
0.003402	2.0175	0.0612	0.067758
0.003933600000000001	1.9988	0.061579	0.067859
0.0044646	1.9628	0.061662	0.067707
0.005	4.5	0.06278499999999999	0.066693
0.005606799999999999	4.5	0.06378	0.067702
0.0062129	4.5	0.064855	0.068816
0.0068185	4.5	0.066	0.069939
0.0074235	4.5	0.067216	0.07109500000000001
0.0080278	4.5	0.06840300000000001	0.072253
0.0086316	4.5	0.069675	0.073475
0.0092347	4.5	0.071023	0.074738
0.0098373	4.5	0.07234400000000001	0.076006
0.010439	4.5	0.073675	0.077302
0.011041	4.5	0.07503600000000001	0.078639
0.011641	4.5	0.076418	0.080002
0.012241	4.5	0.07786700000000001	0.08140500000000001
0.012841	4.5	0.07932500000000001	0.082833
0.01344	4.5	0.080817	0.08430799999999999
0.014038	4.5	0.082325	0.085811
0.014636	4.5	0.083865	0.087425
0.015233	4.5	0.085342	0.08916499999999999
0.01583	4.5	0.086815	0.090698
0.016426	4.5	0.088296	0.092238
0.017021	4.5	0.08982900000000001	0.09387
0.017616	4.5	0.091637	0.09558899999999999
0.01821	4.5	0.09346	0.09733600000000001
0.018803	4.5	0.095345	0.099103
0.019396	4.5	0.09728100000000001	0.10062
0.019989	4.5	0.09932000000000001	0.10252
0.020581	4.5	0.10148	0.10464
0.021172	4.5	0.10351	0.10644
0.021762	4.5	0.1056	0.10836
0.022352	4.5	0.10771	0.11033
0.022942	4.5	0.10978	0.11229
0.023531	4.5	0.11191	0.11432
0.024119	4.5	0.11408	0.1164
0.024707	4.5	0.11624	0.1185
0.025294	4.5	0.1185	0.1207
0.02588	4.5	0.12077	0.12291
0.026466	4.5	0.123	0.12514
0.027051	4.5	0.12529	0.12745
0.027636	4.5	0.12772	0.12992
0.02822	4.5	0.13011	0.13241
0.028804	4.5	0.1325	0.13488
0.029387	4.5	0.13537	0.13756
0.029969	4.5	0.13831	0.14032
0.030551	4.5	0.14124	0.1431
0.031132	4.5	0.14415	0.14588
0.031713	4.5	0.14712	0.14888
0.032293	4.5	0.15085	0.15225
0.032872	4.5	0.15411	0.15576
0.033451	4.5	0.15727	0.15915
0.03403	4.5	0.16065	0.16234
0.034607	4.5	0.164	0.16552
0.035184	4.5	0.16757	0.1688
0.035761	4.5	0.17124	0.17214
0.036337	4.5	0.17502	0.17576
0.036913	4.5	0.17889	0.17846
0.037487	4.5	0.18294	0.18206
0.038062	4.5	0.18702	0.18569
0.038635	4.5	0.19126	0.18942
0.039209	4.5	0.19543	0.19311
0.039781	4.5	0.19932	0.19659
0.040353	4.5	0.20322	0.20006
0.040925	4.5	0.20749	0.20382
0.041495	4.5	0.21175	0.20749
0.042066	4.5	0.21605	0.21134
0.042635	4.5	0.22025	0.21517
0.04320500000000001	4.5	0.22351	0.21916
0.04377299999999999	4.5	0.22667	0.22352
0.044341	4.5	0.23089	0.22809
0.044909	4.5	0.23591	0.2329
0.045475	4.5	0.2409	0.23773
0.046042	4.5	0.24608	0.24274
0.046607	4.5	0.25092	0.24745
0.047173	4.5	0.25577	0.25219
0.04773699999999999	4.5	0.26136	0.25741
0.048301	4.5	0.26694	0.26271
0.048865	4.5	0.27277	0.2683
0.04942800000000001	4.5	0.2791	0.27414
0.04999	4.5	0.28592	0.28004
0.05055200000000001	4.5	0.29339	0.28593
0.051113	4.5	0.30048	0.29166
0.051674	4.5	0.30658	0.29763
0.052234	4.6473	0.31991	0.33993
0.052776	4.7055	0.32912	0.35646
0.05331	4.7513	0.33732	0.36701
0.053839	4.7674	0.34427	0.3738
0.054366	4.7642	0.35083	0.37843
0.054892	4.7566	0.35998	0.38421
0.055419	4.7454	0.36889	0.38852
0.055946	4.7322	0.37649	0.3931
0.056474	4.7147	0.38287	0.39847
0.057004	4.7083	0.3905	0.40227
0.057534	4.7082	0.40125	0.40968
0.058064	4.9621	0.4247	0.47519
0.058566	4.8918	0.42605	0.47824
0.059074	5.0529	0.44203	0.53568
0.059566	5.3692	0.47582	0.53646
0.060028	4.988	0.45985	0.49572
0.060526	4.9818	0.46852	0.50263
0.061023	4.9727	0.47904	0.50754
0.061521	4.9703	0.48977	0.51522
0.062018	4.9656	0.49787	0.52222
0.062516	4.96	0.50717	0.52916
0.063014	4.9528	0.51749	0.53589
0.063511	4.9481	0.52844	0.54418
0.064009	4.9428	0.54049	0.55155
0.06450699999999999	4.9396	0.54993	0.55923
0.06500499999999999	4.9344	0.56549	0.56818
0.065502	4.9305	0.57406	0.57544
0.066	4.9226	0.58485	0.58444
0.066498	4.9157	0.59554	0.59391
0.066996	4.9132	0.60727	0.60323
0.067494	4.9081	0.61882	0.61343
0.067992	4.9027	0.63031	0.62665
0.06848899999999999	4.8974	0.64113	0.6399
0.06898699999999999	4.8938	0.6512	0.65168
0.06948499999999999	4.8906	0.66092	0.66233
0.069983	4.8848	0.67123	0.67294
0.070481	4.8814	0.68183	0.6831700000000001
0.070978	4.8776	0.69348	0.69441
0.071476	4.8738	0.70665	0.70309
0.071973	4.872	0.71976	0.70664
0.07247000000000001	4.8683	0.73195	0.71576
0.072967	4.8647	0.7440099999999999	0.72595
0.073464	4.8612	0.75803	0.73749
0.07396	4.8566	0.7726	0.75299
0.074457	4.9295	0.79523	0.77883
0.074946	4.9054	0.80775	0.79069
0.075436	4.8782	0.82064	0.79738
0.075929	4.8539	0.83355	0.80653
0.07642399999999999	4.8233	0.84739	0.81602
0.076922	4.7986	0.85971	0.82577
0.077421	4.4135	0.82739	0.79391
0.07796400000000001	4.2487	0.82408	0.80165
0.078527	4.3571	0.85549	0.83002
0.07907600000000001	4.3187	0.86696	0.83385
0.07962899999999999	4.2832	0.87837	0.85762
0.08018599999999999	4.2132	0.88691	0.85955
0.080751	4.1993	0.90293	0.86224
0.081318	4.1437	0.91273	0.87046
0.08189199999999999	4.1602	0.93435	0.8930399999999999
0.08246299999999999	4.1384	0.94687	0.90308
0.083037	4.1096	0.96172	0.91176
0.08361399999999999	4.0849	0.97428	0.92796
0.08419399999999999	4.0454	0.98644	0.93091
0.08477900000000001	4.0283	1.0015	0.9447
0.08536600000000001	3.5465	0.93597	0.88385
0.086032	3.1266	0.88085	0.82845
0.086786	3.1593	0.9026	0.85282
0.087532	3.154	0.91945	0.87099
0.08827900000000001	3.1159	0.92883	0.88796
0.089034	3.0524	0.9367799999999999	0.9012
0.08980399999999999	3.0399	0.9543700000000001	0.90988
0.09057599999999999	2.9677	0.957	0.90664
0.091366	2.9537	0.97309	0.91819
0.09215999999999999	2.9106	0.98238	0.9256
0.09296399999999999	2.8936	0.99399	0.92903
0.09377200000000001	2.8233	0.99815	0.92888
0.094599	2.7351	0.98964	0.92401
0.095452	2.4802	0.95062	0.88755
0.09639200000000001	2.4756	0.96609	0.90535
0.097333	2.3835	0.96278	0.9065800000000001
0.09830899999999999	2.381	0.9878	0.92491
0.099285	2.3669	0.99626	0.93153
0.10027	1.99	0.90452	0.84155
0.10143	1.9042	0.90408	0.83029
0.10265	1.8888	0.91008	0.83852
0.10387	1.8711	0.92722	0.85301
0.10511	1.8148	0.92683	0.85019
0.10638	1.7736	0.93873	0.85337
0.10769	1.7406	0.94578	0.86134
0.10901	1.7653	0.96219	0.88718
0.11031	1.3187	0.81817	0.74091
0.11206	1.3035	0.83122	0.75165
0.11382	1.261	0.82975	0.75003
0.11565	1.2081	0.82565	0.74785
0.11755	1.0805	0.78851	0.7099299999999999
0.11967	0.95383	0.75657	0.67633
0.12207	0.7547199999999999	0.69234	0.61283
0.1251	0.61811	0.67247	0.5897
0.12879	0.43246	0.65282	0.56026
0.13407	0.64138	0.83503	0.7065900000000001
0.13587	0.53715	0.86411	0.70644
0.13799	0.47945	0.87645	0.70913
0.14034	0.34433	0.74804	0.5985200000000001
0.14358	0.30101	0.74111	0.57966
0.14725	0.26319	0.6956	0.55025
0.15141	0.1631	0.54319	0.41697
0.15805	0.14358	0.5347	0.41003
0.16551	0.080288	0.43639	0.32626
0.17873	0.02479	0.3456	0.25101
